% -------------------------------------------------------------------
%  Generated by MATLAB on 20-May-2014 12:34:12
%  MATLAB version: 8.3.0.532 (R2014a)
% -------------------------------------------------------------------
                                               

ans = [47 48 48 47];

cp = ...
  [0 0.020833333333333332 0.14583333333333334 0.82978723404255317;
   0 0.27083333333333331 0.58333333333333337 0.14893617021276595;
   0.34042553191489361 0.45833333333333331 0.1875 0.021276595744680851;
   0.65957446808510634 0.25 0.083333333333333329 0];

ct = ...
  [0 1 7 39;
   0 13 28 7;
   16 22 9 1;
   31 12 4 0];

pg = [0.24736842105263157 0.25263157894736843 0.25263157894736843 0.24736842105263157 ...
      ];

ph = [0.24736842105263157; 0.25263157894736843; 0.25263157894736843; 0.24736842105263157; ...
      ];

qi = ...
  [-1 -0.91578014184397161 -0.41046099290780136 2.3544590312358533;
   -1 0.072048611111111008 1.3090277777777779 -0.41046099290780147;
   0.34751773049645385 0.81423611111111094 -0.2578125 -0.91578014184397161 ...
   ;
   1.6663648709823449 0.010638297872340458 -0.66312056737588654 -1];

total = 190;

